module	trait	nObs	bicor	Z	t	p
magenta	SequencingNumber	25	-0.249093912941359	-1.22028279599309	1.23349295812647	0.229849533625352
magenta	Percent_CpG_Methylated	14	0.215441924831908	0.758192105302433	0.764260103645242	0.459477118620664
magenta	Percent_Duplicated_Reads	14	0.102111505248811	0.354961779755165	0.355583278536184	0.728324898399564
magenta	Percent_Deduplicated_reads	14	-0.102111505248811	-0.354961779755164	0.355583278536184	0.728324898399564
magenta	Percent_Duplicate_Reads	14	0.102111505248811	0.354961779755165	0.355583278536184	0.728324898399564
magenta	Aligned_Uniquely	25	0.1697216701039	0.821909915532188	0.825939231608891	0.417324166119994
magenta	Aligned_Ambiguously	25	0.131704774625437	0.635324535991376	0.637184432892653	0.53029677123005
magenta	Aligned_Reads_Total	25	0.16702721457639	0.808610720230494	0.812447410052273	0.424864808154834
magenta	Mapping_Efficiency	25	0.240021287204309	1.17400373580221	1.18576436402766	0.247821539903306
magenta	Percent_Aligned_Total	25	0.236943433972118	1.15835272169709	1.16964834227762	0.254121186119703
magenta	Total_Reads	25	0.00746474890312515	0.0358003430743579	0.0358006755682631	0.971750199825425
magenta	bgw_id	25	-0.200963350161825	-0.977084709002512	0.983858298355431	0.335422389247355
magenta	mom_gw_age	24	0.0180374164663071	0.084612159399676	0.0846167485414197	0.933331384891622
magenta	age_c_months	25	0.0508596743435758	0.244125068173367	0.244230510337953	0.809217838964759
magenta	gestage	25	0.0809638246333301	0.389140644474458	0.389567797672488	0.700440038247789
magenta	bmi_mom	24	-0.071454916867148	-0.335725431121124	0.33601217228172	0.740045304753536
magenta	hei_base_mom	22	0.315037112799263	1.4584876576035	1.48447945414439	0.153272571705495
magenta	brf_nb	23	0.10654067831176	0.490090695584026	0.491025470796205	0.62850067257561
magenta	ex_brf_mth3	22	0.0958165600853165	0.42982329513842	0.430485342695196	0.671446040551746
magenta	ex_brf_mth6	21	-0.215644043245315	-0.954961416337606	0.962619054038102	0.347830954935989
magenta	gwg	21	0.100090825419961	0.437751542699869	0.438487745064259	0.665977932325921
magenta	ppwr	21	-0.0614098400398944	-0.268016538195474	0.268185450786879	0.791446622712452
magenta	soc_env_tot	25	0.0426299045236694	0.204569822238931	0.204631864144319	0.839659811700342
magenta	airpollut	25	-0.102663505851059	-0.494097679863079	0.494972240335123	0.62531519765283
magenta	toxic	25	0.167528237084624	0.811082710661735	0.814954729105902	0.423457066204293
magenta	emissions	25	0.0753472460701129	0.362038861462235	0.362382823277083	0.720374581201991
magenta	spl_ebm	25	-0.0353082220407556	-0.169402704167227	0.169437933873575	0.866933620153527
magenta	env_tot	25	-0.0100612187211665	-0.0482535381548874	0.0482543523164617	0.961930111158484
magenta	poverty	25	0.0325200402468065	0.156015647947017	0.156043167943341	0.877360519316445
magenta	soc_tot	25	0.0461167113243183	0.221324968040841	0.221403538337228	0.826732129391382
magenta	wt_0wk	24	0.0408760994751338	0.191832790449363	0.191886275316828	0.849591373262606
magenta	wt_6mo	19	0.12486855684294	0.517547419242876	0.518907586779361	0.610514457571217
magenta	wt_12mo	20	0.125146545019003	0.533750027815773	0.535159101333165	0.599089804623927
magenta	bmi_24mo	20	0.226096600158036	0.976112503495044	0.984746765580066	0.337801023333121
magenta	zwfl_pct_0wk	19	0.0207726062058446	0.0856599717167274	0.0856661340187643	0.932732677739351
magenta	zwfl_pct_6mo	18	0.147063821576521	0.592552066404113	0.594721692182435	0.560346591374468
magenta	zwfl_pct_9mo	14	0.00251077722339195	0.008697605711409	0.0086976148497382	0.993203319005187
magenta	zwfl_pct_12mo	20	0.0966651956525045	0.411400297522402	0.412045319073845	0.685171702322132
magenta	zbmi_24mo_pct	20	0.194972860744849	0.837927397387725	0.84338550883067	0.410081106628411
magenta	wzd_0to6mo	19	-0.0747703699615619	-0.308862570167768	0.309151516724516	0.760963121332677
magenta	wzd_6to12mo	18	0.0188735632937868	0.0755032190624652	0.0755077027248994	0.940746826672813
magenta	wflzd_0to6mo	18	0.009213196797456	0.0368538299679194	0.0368543513768839	0.971057040625583
magenta	wflzd_6to12mo	17	-0.0764493185582723	-0.296665795380263	0.296955988644287	0.77057266791875
magenta	rwg_wei_0to6mo	19	0.101727620266691	0.420889611763212	0.421620970954178	0.678584873926921
magenta	rwg_wei_6to12mo	18	-0.195604202377367	-0.792631023252289	0.79782852432351	0.436651638775752
magenta	rwg_wfl_0to6mo	18	0.103822697155824	0.416792674999499	0.417547288828155	0.681827469872688
magenta	rwg_wfl_6to12mo	17	0.108270352589347	0.420979419220222	0.421808881494915	0.679147476414032
magenta	EH_90Days_base	20	0.0745942638255696	0.317065617072065	0.317360836523469	0.754621571363088
magenta	EH_90Days_wk26	19	-0.0207311725716327	-0.0854890628660502	0.0854951883560132	0.93286656262268
magenta	EH_90Days_wk36	17	-0.0325580510476394	-0.126141373172562	0.126163675654083	0.901277913076366
red	SequencingNumber	25	0.234782858924528	1.14738056584881	1.15835763026273	0.258604926832767
red	Percent_CpG_Methylated	14	-0.177423803925284	-0.62118789050657	0.624522420918805	0.543976153105476
red	Percent_Duplicated_Reads	14	0.549566548309249	2.13998372452087	2.27871745186898	0.0417749804196134
red	Percent_Deduplicated_reads	14	-0.549566548309249	-2.13998372452087	2.27871745186898	0.0417749804196132
red	Percent_Duplicate_Reads	14	0.549566548309249	2.13998372452087	2.27871745186898	0.0417749804196134
red	Aligned_Uniquely	25	0.188233699711378	0.913631577982937	0.919167911717014	0.36754762722135
red	Aligned_Ambiguously	25	0.139461414600088	0.673220919446164	0.675434124284058	0.506134581505572
red	Aligned_Reads_Total	25	0.184727827375065	0.89621222520003	0.90143753189375	0.376698847031519
red	Mapping_Efficiency	25	0.181937007554996	0.882362410273812	0.887348923038195	0.384076402092007
red	Percent_Aligned_Total	25	0.177383408152081	0.859795665873046	0.864408890266343	0.396289311876472
red	Total_Reads	25	0.107414010320025	0.517134512822935	0.518137242717229	0.609311290520412
red	bgw_id	25	0.232942879855501	1.13804579730072	1.14875661981462	0.262463428143441
red	mom_gw_age	24	-0.0821008268246081	-0.385955760461193	0.386391458574753	0.70291853719341
red	age_c_months	25	0.227054251170927	1.10822744990913	1.11811678482653	0.27506020263065
red	gestage	25	-0.30843699403021	-1.52899335645752	1.55502757946668	0.133593292394802
red	bmi_mom	24	0.374011466050715	1.84370338112247	1.89155027723458	0.0717893380227784
red	hei_base_mom	22	-0.10288328853886	-0.461741852837775	0.462562672894577	0.648670872223805
red	brf_nb	23	0.127704746593815	0.588429500645963	0.5900478444701	0.561454641491069
red	ex_brf_mth3	22	-0.206238429437125	-0.93574734188288	0.942590320869815	0.357138150709506
red	ex_brf_mth6	21	-0.179935646773308	-0.792954250516519	0.797335097969978	0.435108223273894
red	gwg	21	-0.0134735914173303	-0.0587335776856345	0.0587353549762992	0.953776256422916
red	ppwr	21	-0.251662005862288	-1.12104955364477	1.13344909960789	0.27112577769731
red	soc_env_tot	25	0.405645398277317	2.06406766781492	2.12838294042826	0.0442380948537158
red	airpollut	25	-0.0606681521150157	-0.291311991211871	0.291491165677936	0.773288455470759
red	toxic	25	0.309342120305547	1.53379204628052	1.56007300125616	0.132397862261997
red	emissions	25	0.260111013443397	1.27678210545322	1.29191807416366	0.209216848594874
red	spl_ebm	25	0.331679915278383	1.65319336310264	1.68612943698514	0.105290951683919
red	env_tot	25	0.310421653958654	1.53951927605326	1.56609675024365	0.130982215285191
red	poverty	25	0.27685889966657	1.36334458280878	1.38178167791173	0.180314067153718
red	soc_tot	25	0.324890220393297	1.61669775060952	1.64749236246161	0.11305273710672
red	wt_0wk	24	-0.161206838190163	-0.762781148081225	0.766147815330379	0.451731156235504
red	wt_6mo	19	-0.323786219452938	-1.38483158552065	1.41101582734081	0.176278476075935
red	wt_12mo	20	-0.49883643313995	-2.32393156610403	2.44189818118015	0.0251608709976273
red	bmi_24mo	20	-0.465624891722466	-2.1402826891603	2.23222473126997	0.0385452971600584
red	zwfl_pct_0wk	19	0.223659160107605	0.938025722704789	0.946138469491998	0.357333270457951
red	zwfl_pct_6mo	18	-0.311973930130229	-1.29092273902205	1.31344909471299	0.207555802160289
red	zwfl_pct_9mo	14	-0.62749485625611	-2.55398922597922	2.79173919406455	0.0162919202092363
red	zwfl_pct_12mo	20	-0.523485367447516	-2.46552061241016	2.60665488239625	0.0178478198544835
red	zbmi_24mo_pct	20	-0.382566564825231	-1.71005066654138	1.75673060343022	0.0959615033426793
red	wzd_0to6mo	19	-0.265484785872755	-1.12148441826246	1.13536430619421	0.27197712153918
red	wzd_6to12mo	18	-0.164934957643585	-0.665821834475114	0.668900797723563	0.513095133326084
red	wflzd_0to6mo	18	-0.531166594132627	-2.36707541939619	2.507669212001	0.0233116106424192
red	wflzd_6to12mo	17	-0.227693530560008	-0.897585302704712	0.905641886443861	0.379442860326938
red	rwg_wei_0to6mo	19	-0.160933633636702	-0.669365607276946	0.672309773348648	0.510421713131123
red	rwg_wei_6to12mo	18	-0.120915847820067	-0.486041444068014	0.487238375527097	0.632697506305101
red	rwg_wfl_0to6mo	18	-0.595433176657244	-2.74416727948949	2.96454862717048	0.00912978257259853
red	rwg_wfl_6to12mo	17	-0.161136858834458	-0.629567546584915	0.632343794550709	0.536682623186212
red	EH_90Days_base	20	0.17214703180891	0.73770368489051	0.741426561102378	0.467998724633011
red	EH_90Days_wk26	19	0.364121917521697	1.57349949289729	1.6119729895469	0.125376673017285
red	EH_90Days_wk36	17	0.0757123368145993	0.293794859410904	0.294076707452705	0.772729528468957
brown	SequencingNumber	25	-0.251284453630352	-1.23148976159744	1.24506805024108	0.225643479856197
brown	Percent_CpG_Methylated	14	0.494958227730627	1.87964301535837	1.97324491337079	0.0719485386829555
brown	Percent_Duplicated_Reads	14	-0.285371569719189	-1.01678377319135	1.03144681065056	0.322672496955257
brown	Percent_Deduplicated_reads	14	0.285371569719189	1.01678377319135	1.03144681065056	0.322672496955256
brown	Percent_Duplicate_Reads	14	-0.285371569719189	-1.01678377319135	1.03144681065056	0.322672496955257
brown	Aligned_Uniquely	25	-0.186742087762303	-0.906217437068509	0.911619920732853	0.371425202915598
brown	Aligned_Ambiguously	25	-0.215309688643252	-1.04900440798984	1.05738918874862	0.301314020003762
brown	Aligned_Reads_Total	25	-0.18929011793357	-0.918885173524134	0.924517681008131	0.364815666927633
brown	Mapping_Efficiency	25	-0.0855758002326289	-0.411413379080622	0.411918175129406	0.684213135449777
brown	Percent_Aligned_Total	25	-0.0888750741527701	-0.427357462861524	0.427923268430305	0.672687295476302
brown	Total_Reads	25	-0.246185120645664	-1.2054213200702	1.21815369028976	0.235514625317058
brown	bgw_id	25	-0.248784078647747	-1.21869871651141	1.23185738957405	0.230448616604343
brown	mom_gw_age	24	0.0625984172469413	0.293997020065536	0.294189568577726	0.771370867511509
brown	age_c_months	25	-0.109021330666733	-0.524934295929308	0.52598310373464	0.603935184263447
brown	gestage	25	0.423993543074277	2.17035760123133	2.24520228181508	0.034665343968171
brown	bmi_mom	24	-0.144301623907123	-0.681592092532271	0.683993457833476	0.50112122056089
brown	hei_base_mom	22	0.0188394226977835	0.0842624294771153	0.0842674152029489	0.933681614139746
brown	brf_nb	23	-0.322676599786969	-1.53347609130798	1.56225615430472	0.133172506158541
brown	ex_brf_mth3	22	0.269980126580738	1.23807679128295	1.25395222513764	0.224318696552753
brown	ex_brf_mth6	21	0.00502429325704897	0.0219005708539492	0.0219006629968759	0.982755563429591
brown	gwg	21	-0.229980455295663	-1.02071826782908	1.03007239911345	0.315911177887537
brown	ppwr	21	0.116501691471848	0.510135475587727	0.511300806167699	0.615031055973966
brown	soc_env_tot	25	-0.126398431751772	-0.609445141098126	0.611086771669751	0.547134676686374
brown	airpollut	25	-0.147809799035644	-0.714102048373552	0.716743746467146	0.480747841975537
brown	toxic	25	-0.0996668099584153	-0.479577413866571	0.480377090152354	0.635496763076995
brown	emissions	25	-0.00939766992885882	-0.0450709685539847	0.0450716320120901	0.964439256849923
brown	spl_ebm	25	-0.271673930605921	-1.33645562167867	1.35382045770622	0.188948431655647
brown	env_tot	25	-0.248989207308429	-1.21974744184366	1.23294018772851	0.230051872454369
brown	poverty	25	0.0232045533603595	0.111305108819374	0.111315101405631	0.912332200222225
brown	soc_tot	25	0.0424265891797508	0.203592989349458	0.203654146677768	0.840414903798154
brown	wt_0wk	24	0.275039322268133	1.3241392711769	1.34179792168874	0.193347744711956
brown	wt_6mo	19	0.545249179761655	2.52167250983025	2.68184377401891	0.01576074793686
brown	wt_12mo	20	0.630383716570887	3.14826272105173	3.44525027805757	0.00288699141618574
brown	bmi_24mo	20	0.612309835417813	3.02334104067325	3.28579787712601	0.00410806037342566
brown	zwfl_pct_0wk	19	-0.201032970856585	-0.840325199062782	0.84615486852784	0.4092195025763
brown	zwfl_pct_6mo	18	0.399477237733906	1.69210699585821	1.74302803810666	0.100510630571499
brown	zwfl_pct_9mo	14	0.745768671800365	3.33715206621344	3.8778131368751	0.00219656329158988
brown	zwfl_pct_12mo	20	0.695662907391535	3.64377730603349	4.10854356411616	0.000659564820231092
brown	zbmi_24mo_pct	20	0.518241670119724	2.43499054339322	2.57089010653823	0.0192397807091937
brown	wzd_0to6mo	19	0.373602757536702	1.61874688413255	1.6606535497481	0.115113375092893
brown	wzd_6to12mo	18	0.0528742475230559	0.211694414421736	0.211793251019081	0.834942675490891
brown	wflzd_0to6mo	18	0.553295918000511	2.4924759691963	2.65693173704387	0.017223844470996
brown	wflzd_6to12mo	17	0.247205578193078	0.977673863129904	0.988090394583918	0.338780026898817
brown	rwg_wei_0to6mo	19	0.267297652597738	1.12953001190504	1.14371152862555	0.268593432350881
brown	rwg_wei_6to12mo	18	0.149917453817205	0.604223963132478	0.606524441075035	0.552675921900148
brown	rwg_wfl_0to6mo	18	0.650810846469569	3.10681621143094	3.42874939650118	0.00344468929114781
brown	rwg_wfl_6to12mo	17	0.0980045265814854	0.380792193096153	0.381405999632793	0.708250322522679
brown	EH_90Days_base	20	-0.135467136282954	-0.57829335088104	0.580085706870916	0.569047889696023
brown	EH_90Days_wk26	19	-0.446317418238005	-1.97947070195593	2.05639272121944	0.055430406161853
brown	EH_90Days_wk36	17	-0.0982765481894335	-0.381855974136681	0.382474940921019	0.707474012298263
pink	SequencingNumber	25	-0.236263146047651	-1.15489670350063	1.16609132731367	0.255527475875593
pink	Percent_CpG_Methylated	14	0.614736991382122	2.48203076176113	2.69991702322408	0.0193123332138221
pink	Percent_Duplicated_Reads	14	-0.153311100454509	-0.535305841744369	0.537438847223578	0.60078897287591
pink	Percent_Deduplicated_reads	14	0.15331110045451	0.535305841744371	0.53743884722358	0.600788972875909
pink	Percent_Duplicate_Reads	14	-0.153311100454509	-0.535305841744369	0.537438847223578	0.60078897287591
pink	Aligned_Uniquely	25	-0.0560765041415608	-0.269215893095342	0.26935730677557	0.790056471295428
pink	Aligned_Ambiguously	25	-0.106881273676157	-0.514549924904203	0.515537689450354	0.611097538887328
pink	Aligned_Reads_Total	25	-0.0601483309698478	-0.288809885948674	0.288984482567217	0.775181966309227
pink	Mapping_Efficiency	25	0.0583544246790597	0.280176301112697	0.28033570144327	0.781726008313801
pink	Percent_Aligned_Total	25	0.0534331917565967	0.256500883956444	0.256623190481663	0.799751268609655
pink	Total_Reads	25	-0.191149680178605	-0.92813812916338	0.933942725486253	0.360035584039416
pink	bgw_id	25	-0.217314064596284	-1.05908892427578	1.06771825511469	0.29672689918161
pink	mom_gw_age	24	0.0315476082637411	0.148020517909636	0.148045088379013	0.883655708374174
pink	age_c_months	25	-0.0131431198065778	-0.0630358180862612	0.0630376331289577	0.950281179708974
pink	gestage	25	0.402394045938079	2.04543291353158	2.10801150353119	0.0461326856109768
pink	bmi_mom	24	-0.135579679984092	-0.639865107992708	0.641851639529448	0.527601335078674
pink	hei_base_mom	22	0.0419915643424417	0.187902478961532	0.187957769983522	0.852803673559157
pink	brf_nb	23	-0.303944135880347	-1.43828486897748	1.46201515689942	0.158541590568657
pink	ex_brf_mth3	22	0.338416210258757	1.57554606244086	1.60834100245724	0.123432911011733
pink	ex_brf_mth6	21	-0.0212501214086435	-0.0926410780094241	0.0926480525524441	0.927153102411762
pink	gwg	21	-0.148790051802324	-0.653411446054965	0.655861317513147	0.519777227676296
pink	ppwr	21	0.0938930829848701	0.410479559610895	0.411086522756222	0.685608660683963
pink	soc_env_tot	25	-0.115253143296042	-0.555201728020473	0.556442706813507	0.583282225232823
pink	airpollut	25	-0.186010936682128	-0.902584774578337	0.907922472915792	0.373334507048669
pink	toxic	25	0.0256328333564563	0.122957684422959	0.122971155496739	0.903198188851575
pink	emissions	25	0.0442794940930772	0.212495944690727	0.212565481616028	0.833538552602182
pink	spl_ebm	25	-0.219078702059284	-1.06797488877885	1.07682361599878	0.292724710088425
pink	env_tot	25	-0.200995300733833	-0.977244388445055	0.984021303846256	0.335343947770362
pink	poverty	25	-0.0107509729546715	-0.0515618416281865	0.0515628349928008	0.959322245347205
pink	soc_tot	25	0.0198731739694933	0.0953209442943482	0.095327220461478	0.924880612036988
pink	wt_0wk	24	0.24679290989268	1.18196050134528	1.19450963573818	0.244998645662827
pink	wt_6mo	19	0.459092140003883	2.04572163187545	2.13069512863814	0.0480129230549712
pink	wt_12mo	20	0.513416947297931	2.40709963641908	2.53833341464327	0.0205957432800403
pink	bmi_24mo	20	0.61455840310777	3.03863670921047	3.30516574670037	0.00393616308301877
pink	zwfl_pct_0wk	19	-0.189209809941159	-0.789646932920362	0.794483031282495	0.437865503234496
pink	zwfl_pct_6mo	18	0.367177912139211	1.54062931063705	1.57900391938337	0.133899304258314
pink	zwfl_pct_9mo	14	0.706295009706097	3.04754999280251	3.45616157660102	0.00475067157768705
pink	zwfl_pct_12mo	20	0.586172321489711	2.85026837243298	3.06956340908991	0.00660435578482208
pink	zbmi_24mo_pct	20	0.494488512142868	2.2994444965988	2.41368534684974	0.02666650934532
pink	wzd_0to6mo	19	0.276890663125969	1.17224592220877	1.18810256039644	0.251127331490775
pink	wzd_6to12mo	18	0.101410902497562	0.407042823478576	0.407745691738399	0.68886427314593
pink	wflzd_0to6mo	18	0.535624651166421	2.39199869890724	2.53713415300843	0.0219669522860212
pink	wflzd_6to12mo	17	0.227785375153462	0.89796047362251	0.906027182120423	0.37924540822086
pink	rwg_wei_0to6mo	19	0.298544370969269	1.26958989094368	1.28974795627999	0.214408884492339
pink	rwg_wei_6to12mo	18	0.0992605362939027	0.398353881369868	0.399012677876096	0.695158897410225
pink	rwg_wfl_0to6mo	18	0.626332831473661	2.94143497018639	3.21379361404351	0.0054183140631986
pink	rwg_wfl_6to12mo	17	0.116806867530427	0.454465512527693	0.455509173101328	0.655267268030014
pink	EH_90Days_base	20	-0.130375324273784	-0.556302027266899	0.557897471040368	0.583787307363078
pink	EH_90Days_wk26	19	-0.365901799533537	-1.58196618660731	1.62106715742068	0.123402255458327
pink	EH_90Days_wk36	17	-0.169417817462916	-0.662540479403499	0.665776640858247	0.515662429261348
black	SequencingNumber	25	-0.250101562547961	-1.22543637742031	1.23881498408571	0.227908333320988
black	Percent_CpG_Methylated	14	0.367172552026819	1.33420265948493	1.36743443391553	0.196555638656855
black	Percent_Duplicated_Reads	14	-0.358329947752598	-1.2989290042849	1.32958224208877	0.208378016175847
black	Percent_Deduplicated_reads	14	0.358329947752599	1.2989290042849	1.32958224208877	0.208378016175847
black	Percent_Duplicate_Reads	14	-0.358329947752598	-1.2989290042849	1.32958224208877	0.208378016175847
black	Aligned_Uniquely	25	-0.115222842690979	-0.555054455676989	0.556294446748233	0.583381897283918
black	Aligned_Ambiguously	25	-0.146973765285393	-0.710003533581231	0.712599974031538	0.483260605633215
black	Aligned_Reads_Total	25	-0.117901070199728	-0.56807570751027	0.56940507250651	0.574600795768908
black	Mapping_Efficiency	25	-0.0179825549627375	-0.0862506017798441	0.0862552513664195	0.932010021061095
black	Percent_Aligned_Total	25	-0.021309331530552	-0.102211436751123	0.10221917476058	0.919468680489423
black	Total_Reads	25	-0.201202708979079	-0.978281005065686	0.985079539243396	0.334835010258264
black	bgw_id	25	-0.255417655950904	-1.2526715310974	1.26696421908428	0.21784769042692
black	mom_gw_age	24	0.0964146785484142	0.453634058209877	0.454341590299825	0.654033951909088
black	age_c_months	25	-0.0738408199713716	-0.354773869912917	0.355097534078941	0.72575216874834
black	gestage	25	0.296319057327639	1.46502818183608	1.48792024806242	0.150355077816636
black	bmi_mom	24	-0.105492898033791	-0.496653428690218	0.497582031184075	0.623715632889717
black	hei_base_mom	22	-0.050819874312205	-0.227469347489524	0.227567441745548	0.822292751974912
black	brf_nb	23	-0.303016104635924	-1.43360068045837	1.45709911664422	0.159880664757744
black	ex_brf_mth3	22	0.286955732620391	1.32037870177593	1.3396453851664	0.195385374280061
black	ex_brf_mth6	21	0.0286244918031917	0.124805361435393	0.124822414902095	0.901975341322805
black	gwg	21	-0.147046495441865	-0.645641451892803	0.648004898336506	0.524736001778449
black	ppwr	21	0.140947255355321	0.618492452204133	0.620569925928962	0.542255612205401
black	soc_env_tot	25	-0.216532517906135	-1.05515567597417	1.06368906625659	0.298510298684098
black	airpollut	25	-0.131797713769989	-0.635778130135128	0.637642015874325	0.530004064561101
black	toxic	25	-0.164154665536231	-0.794446047742162	0.798084443995433	0.432984978752244
black	emissions	25	-0.0567863441463611	-0.272631041872616	0.272777906428798	0.787458105132251
black	spl_ebm	25	-0.303553864923487	-1.50315532142062	1.52788767533051	0.140177212829317
black	env_tot	25	-0.292806306452411	-1.44658098297142	1.46861656939033	0.155481829145509
black	poverty	25	-0.062585043233084	-0.300540127895391	0.300736877374283	0.766316902084082
black	soc_tot	25	-0.0522828721202387	-0.250968687365812	0.251083248946314	0.803979359628726
black	wt_0wk	24	0.126032580196398	0.594305331660511	0.595896820364007	0.557325826897152
black	wt_6mo	19	0.451934256589203	2.00848157235177	2.08886281084816	0.0520692652878161
black	wt_12mo	20	0.522493644029279	2.45972896520076	2.59985987761986	0.0181047047304706
black	bmi_24mo	20	0.569688268667698	2.74524821876364	2.94086595344612	0.00873788280483698
black	zwfl_pct_0wk	19	-0.305983580064229	-1.30334691428092	1.32516162621614	0.202653423919301
black	zwfl_pct_6mo	18	0.329739816085134	1.37014520774118	1.39709627768608	0.181460726180906
black	zwfl_pct_9mo	14	0.723975363343975	3.17294047218369	3.63559049676848	0.00341554369809328
black	zwfl_pct_12mo	20	0.595291219692932	2.90969596906419	3.14321746333595	0.00562131787307797
black	zbmi_24mo_pct	20	0.488860903017809	2.26795630119202	2.37752419199101	0.028719751177043
black	wzd_0to6mo	19	0.331961941579798	1.42260159224975	1.45099610367147	0.164983751076181
black	wzd_6to12mo	18	0.0467998951841719	0.187336430679194	0.187404923195332	0.853699071434212
black	wflzd_0to6mo	18	0.671285198130477	3.25231535590332	3.62269814482964	0.00228688074285789
black	wflzd_6to12mo	17	0.234621016484289	0.925930043210985	0.934775760785288	0.364709367737952
black	rwg_wei_0to6mo	19	0.320539409813557	1.36989430346902	1.39523728779426	0.180905666923981
black	rwg_wei_6to12mo	18	0.0978030474125646	0.392466769654957	0.393096778260771	0.699436147916787
black	rwg_wfl_0to6mo	18	0.715172982113001	3.5907743550097	4.09285666606211	0.000849183141165075
black	rwg_wfl_6to12mo	17	0.0704114143558987	0.273154245262375	0.273380756298829	0.788288783398177
black	EH_90Days_base	20	-0.171021926708136	-0.732785469297114	0.736434307113057	0.470956158945901
black	EH_90Days_wk26	19	-0.355425677206067	-1.53231242322381	1.56782976580757	0.135345312249717
black	EH_90Days_wk36	17	-0.155835041943955	-0.608504588546619	0.611011188800074	0.550339820145404
blue	SequencingNumber	25	-0.197907437670053	-0.961821986917731	0.968282669125032	0.342975816970635
blue	Percent_CpG_Methylated	14	0.65368315853748	2.70789899497713	2.9922299204824	0.0112276555654824
blue	Percent_Duplicated_Reads	14	-0.169923173311413	-0.594396714318147	0.597317744285871	0.56139735318953
blue	Percent_Deduplicated_reads	14	0.169923173311413	0.594396714318149	0.597317744285873	0.561397353189529
blue	Percent_Duplicate_Reads	14	-0.169923173311413	-0.594396714318147	0.597317744285871	0.56139735318953
blue	Aligned_Uniquely	25	-0.119341218125582	-0.575080986725803	0.576460164256334	0.569903253084594
blue	Aligned_Ambiguously	25	-0.172808921335411	-0.837163274382466	0.841421347078474	0.408775493843241
blue	Aligned_Reads_Total	25	-0.123726915930558	-0.596429418420316	0.597968047465429	0.555704150148641
blue	Mapping_Efficiency	25	-0.025971781956828	-0.124584307760276	0.124598320582031	0.901924152736105
blue	Percent_Aligned_Total	25	-0.0316270181153625	-0.151728453686863	0.151753766694144	0.880704419946672
blue	Total_Reads	25	-0.213586582137028	-1.04034232503799	1.04852078420872	0.305292454156661
blue	bgw_id	25	-0.188736189607064	-0.916130202494655	0.921712138787129	0.366246679134567
blue	mom_gw_age	24	0.110888254711415	0.522259686125407	0.523339514644559	0.605969864663513
blue	age_c_months	25	0.0127155253443291	0.0609848041911198	0.0609864477653611	0.951896856593658
blue	gestage	25	0.33722563982188	1.68313958316447	1.71790565073106	0.0992497492242766
blue	bmi_mom	24	-0.0524437813023738	-0.24620902445998	0.246322107585505	0.807716636375745
blue	hei_base_mom	22	-0.0903544151649632	-0.405182264781564	0.405736824452417	0.689243898635919
blue	brf_nb	23	-0.21596113385647	-1.00548929780077	1.01357666514482	0.322321288440804
blue	ex_brf_mth3	22	0.263322372763972	1.20602314990311	1.22069431972829	0.236398736431693
blue	ex_brf_mth6	21	0.0498715772411019	0.217565659704253	0.217656008067716	0.830017555394986
blue	gwg	21	-0.226640629832963	-1.00535971326467	1.01429718485092	0.323184110660761
blue	ppwr	21	0.0175824544386935	0.0766480411231387	0.0766519911954268	0.939701808223043
blue	soc_env_tot	25	-0.171238447951578	-0.829401870210399	0.83354249032484	0.413111952551926
blue	airpollut	25	-0.156462377075616	-0.756581856745645	0.759724022518115	0.455136716986739
blue	toxic	25	-0.132470319611239	-0.639061154188721	0.640954080644066	0.527888015654348
blue	emissions	25	-0.0447100575038203	-0.214564950487764	0.214636538568828	0.831942361177613
blue	spl_ebm	25	-0.30557293234107	-1.51382846210084	1.53909316930492	0.137427255175122
blue	env_tot	25	-0.288032057408912	-1.42157536777602	1.44248461171719	0.162646399385522
blue	poverty	25	-0.0151436916670988	-0.0726321464932059	0.0726349230881677	0.942724600515261
blue	soc_tot	25	0.0122667428055971	0.0588321828384746	0.0588336584399067	0.953592791528535
blue	wt_0wk	24	0.185250781640025	0.879052634781264	0.884207690814541	0.38614554370642
blue	wt_6mo	19	0.451859590573853	2.00809471628521	2.08842914981543	0.0521129057832029
blue	wt_12mo	20	0.55069883631346	2.62782283524304	2.79909674440231	0.0118596554691408
blue	bmi_24mo	20	0.585941001711277	2.84877355059766	3.06771856511646	0.0066310143778267
blue	zwfl_pct_0wk	19	-0.262975876909442	-1.11036347574382	1.12383355132334	0.276703483863304
blue	zwfl_pct_6mo	18	0.368301472327822	1.54582636249859	1.5845925759417	0.132622539615106
blue	zwfl_pct_9mo	14	0.663506710916469	2.76799892431098	3.07210079433099	0.00967894088056882
blue	zwfl_pct_12mo	20	0.585020595272869	2.84283185491202	3.06038934620454	0.00673796286718499
blue	zbmi_24mo_pct	20	0.475164931648511	2.19225946569608	2.29112572119138	0.0342371790086045
blue	wzd_0to6mo	19	0.317096065733272	1.35409065115116	1.37856351652819	0.18590169007786
blue	wzd_6to12mo	18	0.101993903679753	0.409399201184062	0.410114351292988	0.687161018035962
blue	wflzd_0to6mo	18	0.554949662202039	2.5020221161984	2.66839948419605	0.0168251910661356
blue	wflzd_6to12mo	17	0.228833134940001	0.902241583661538	0.910424429632994	0.376996892104984
blue	rwg_wei_0to6mo	19	0.256151488040211	1.08019296140467	1.09259217534271	0.289815010565671
blue	rwg_wei_6to12mo	18	0.0804052589771803	0.322316830840791	0.322665745095313	0.751126528364189
blue	rwg_wfl_0to6mo	18	0.702831735981446	3.4914986948284	3.95206677125434	0.00114150767018347
blue	rwg_wfl_6to12mo	17	0.0424054638308323	0.164334205687081	0.164383520852611	0.871623878749873
blue	EH_90Days_base	20	-0.0417640072316313	-0.177292804272609	0.177344408762832	0.861218245143095
blue	EH_90Days_wk26	19	-0.338716841762804	-1.45398171215972	1.48430502382955	0.156033267875198
blue	EH_90Days_wk36	17	-0.111356997963688	-0.433079875351067	0.433982969470026	0.67047807741121
yellow	SequencingNumber	25	-0.174214880024148	-0.844115317519996	0.848480465244233	0.404914845971206
yellow	Percent_CpG_Methylated	14	0.672792359578667	2.82610871139402	3.15020587963088	0.00837172841405285
yellow	Percent_Duplicated_Reads	14	-0.0467194743109663	-0.161958911491256	0.162017922021526	0.873987802517302
yellow	Percent_Deduplicated_reads	14	0.0467194743109668	0.161958911491259	0.162017922021528	0.8739878025173
yellow	Percent_Duplicate_Reads	14	-0.0467194743109663	-0.161958911491256	0.162017922021526	0.873987802517302
yellow	Aligned_Uniquely	25	-0.0362045875113622	-0.173707025400106	0.173745009474834	0.863586002956978
yellow	Aligned_Ambiguously	25	-0.103360023328552	-0.497473886843099	0.498366504406735	0.622958145980711
yellow	Aligned_Reads_Total	25	-0.0415237256991823	-0.199255365391671	0.199312696253618	0.843769691810294
yellow	Mapping_Efficiency	25	0.0351953290011451	0.168860614520397	0.168895507088142	0.867355396032132
yellow	Percent_Aligned_Total	25	0.0284545218326317	0.136499940248444	0.136518370696292	0.89259943859812
yellow	Total_Reads	25	-0.145863048430281	-0.704560022163047	0.707097157052087	0.486609210986254
yellow	bgw_id	25	-0.161693196644681	-0.782319357466996	0.785793526519365	0.440009205745134
yellow	mom_gw_age	24	0.170387742434958	0.807060948211891	0.811049249395481	0.426025164732885
yellow	age_c_months	25	0.0429863344955543	0.206282338598544	0.206345951796208	0.83833640037782
yellow	gestage	25	0.356025246955324	1.78561652057468	1.82715927167061	0.0806814661403433
yellow	bmi_mom	24	-0.0110078354494782	-0.0516334104566339	0.0516344533049288	0.959285934746327
yellow	hei_base_mom	22	-0.179623731619139	-0.812112377314005	0.816583156149781	0.423786983728053
yellow	brf_nb	23	-0.14245724342125	-0.65729179757004	0.659547858468697	0.516712511267073
yellow	ex_brf_mth3	22	0.276255200004104	1.26840195728425	1.28547598871655	0.21331229400019
yellow	ex_brf_mth6	21	0.0919114861352641	0.401766777667496	0.402335894842464	0.691927252392842
yellow	gwg	21	-0.152918930919023	-0.671827947220478	0.674491033114697	0.508123756569079
yellow	ppwr	21	0.0150957555650997	0.0658058719427661	0.0658083716781735	0.948217908257115
yellow	soc_env_tot	25	-0.140318804794861	-0.677414891504949	0.67966974520442	0.503497394413323
yellow	airpollut	25	-0.0379171493072466	-0.181931481623742	0.181975120718398	0.857196568672978
yellow	toxic	25	-0.13621814853477	-0.657365496893838	0.659425887695966	0.516171267940223
yellow	emissions	25	-0.0687159160108339	-0.330070128801933	0.330330769625464	0.744140167274503
yellow	spl_ebm	25	-0.239959682251725	-1.1736902324683	1.18544142281434	0.247946621383565
yellow	env_tot	25	-0.238098080310448	-1.16422129382373	1.17568980672515	0.251745826550835
yellow	poverty	25	0.0151019868579979	0.0724320915023868	0.0724348452170951	0.942882081453879
yellow	soc_tot	25	0.0103835536986707	0.049799563969797	0.0498004589220705	0.960711358082623
yellow	wt_0wk	24	0.244127135749825	1.16865525288735	1.18078448370536	0.250297258299752
yellow	wt_6mo	19	0.339330944710678	1.45684253904819	1.48734594071471	0.155236506224372
yellow	wt_12mo	20	0.358200896954424	1.59022849570214	1.62772623079238	0.120960062356017
yellow	bmi_24mo	20	0.446990290108421	2.04042476022929	2.11999655329362	0.0481627265839484
yellow	zwfl_pct_0wk	19	-0.301915187041082	-1.28486500924149	1.30576185886555	0.209028240244555
yellow	zwfl_pct_6mo	18	0.227418892225534	0.925863569524685	0.934153160052897	0.364109729155001
yellow	zwfl_pct_9mo	14	0.487806031548061	1.84698009290216	1.93574168068837	0.0768109792870086
yellow	zwfl_pct_12mo	20	0.396187702400029	1.77816993801743	1.83068811633238	0.0837547076537284
yellow	zbmi_24mo_pct	20	0.345053132843979	1.52657569028434	1.55973016945211	0.136232533758404
yellow	wzd_0to6mo	19	0.254416768579572	1.07254190836307	1.08467892371624	0.293207398668896
yellow	wzd_6to12mo	18	-0.00252469407218753	-0.010098797745635	0.0100988084741088	0.992067302379456
yellow	wflzd_0to6mo	18	0.565281535753515	2.5622447378305	2.74109770967567	0.0144968757667622
yellow	wflzd_6to12mo	17	0.164280831666607	0.642075243296294	0.645020424732517	0.52865681989287
yellow	rwg_wei_0to6mo	19	0.326566929901459	1.39765243466796	1.42457349944318	0.172379794306504
yellow	rwg_wei_6to12mo	18	-0.0466412198743872	-0.186700340975427	0.186768138120641	0.854190075192911
yellow	rwg_wfl_0to6mo	18	0.768327016388988	4.06492473240835	4.80161250104209	0.00019568252901919
yellow	rwg_wfl_6to12mo	17	-0.0556647014203007	-0.215811547654934	0.215923246569182	0.831956337696981
yellow	EH_90Days_base	20	-0.161999200401651	-0.693413364140708	0.696504605388561	0.495009807716067
yellow	EH_90Days_wk26	19	-0.259852619579431	-1.09654137477387	1.1095134853392	0.28265776140504
yellow	EH_90Days_wk36	17	-0.111082221150865	-0.432002340430833	0.432898707626748	0.671248264429515
green	SequencingNumber	25	0.00146691745811333	0.00703509403386859	0.00703509655694687	0.994447516488036
green	Percent_CpG_Methylated	14	0.336365548851606	1.21239652241022	1.2373000599561	0.2396409682143
green	Percent_Duplicated_Reads	14	-0.149466020022782	-0.521673644580527	0.523647687719619	0.610058347499822
green	Percent_Deduplicated_reads	14	0.149466020022782	0.521673644580527	0.523647687719619	0.610058347499822
green	Percent_Duplicate_Reads	14	-0.149466020022782	-0.521673644580527	0.523647687719619	0.610058347499822
green	Aligned_Uniquely	25	0.00417057873162808	0.0200015089190662	0.0200015669032526	0.984214630329969
green	Aligned_Ambiguously	25	-0.0124129557819616	-0.0595335024321443	0.0595350314359275	0.953040235458318
green	Aligned_Reads_Total	25	0.00287888795673595	0.013806699758374	0.0138067188301325	0.989103248768318
green	Mapping_Efficiency	25	0.0095163418716729	0.0456401501036625	0.0456408390161747	0.963990485556739
green	Percent_Aligned_Total	25	0.00833336964115497	0.0399663619929316	0.0399668245936198	0.96846448216427
green	Total_Reads	25	-0.00867656835788811	-0.0416124042992058	0.0416129264440286	0.967166404677149
green	bgw_id	25	-0.0287925498753487	-0.138122395095266	0.13814149060373	0.891330911019934
green	mom_gw_age	24	0.226033734483616	1.07882222873633	1.08835950627527	0.288216084072854
green	age_c_months	25	0.26961019760377	1.32577605319503	1.3427268740261	0.19246290811159
green	gestage	25	-0.099552911337324	-0.479025701105848	0.479822619771867	0.635885031051345
green	bmi_mom	24	0.226664469441537	1.08194039385877	1.09156075592746	0.286836791669779
green	hei_base_mom	22	-0.100038847239553	-0.448888801820842	0.449642945061302	0.657803123281378
green	brf_nb	23	0.0222452482703964	0.101957354174005	0.101965766108353	0.919751205707366
green	ex_brf_mth3	22	-0.187952553747705	-0.850662402105916	0.855801372337429	0.402244593797514
green	ex_brf_mth6	21	-0.296029654951515	-1.3301714675369	1.35091295841334	0.19259302745399
green	gwg	21	-0.0252003400784707	-0.109868997381966	0.109880631525798	0.913656337360549
green	ppwr	21	-0.197080512349579	-0.870442741354857	0.876239452482438	0.391843780741664
green	soc_env_tot	25	-0.105598929410518	-0.508329810785905	0.509282171798647	0.615406045517638
green	airpollut	25	-0.125056868358227	-0.602907890837111	0.604497231504325	0.551430400922119
green	toxic	25	-0.387520984881506	-1.96091788820023	2.01601498769006	0.0556251113811747
green	emissions	25	0.0819496484924556	0.39390006974849	0.394343092033127	0.69696046549292
green	spl_ebm	25	-0.212204108464752	-1.03339743996014	1.04141295135013	0.308507799845845
green	env_tot	25	-0.206503466868298	-1.00480484664645	1.01217233130655	0.321985952233692
green	poverty	25	0.111299153482369	0.535992550411956	0.537109075289997	0.596350687359334
green	soc_tot	25	0.0250190764868507	0.120012320619255	0.120024846607862	0.905505761040439
green	wt_0wk	24	0.0107817513392638	0.0505728560944036	0.0505738359927761	0.960121484722441
green	wt_6mo	19	-0.0379087081429366	-0.15637654455343	0.156414037182966	0.877549156058503
green	wt_12mo	20	0.0666639077321244	0.283251102257266	0.283461571122007	0.780057530887413
green	bmi_24mo	20	-0.0892700652338102	-0.379751729104365	0.380259011154816	0.708203086621267
green	zwfl_pct_0wk	19	-0.201160138054264	-0.840871620019211	0.846712684878168	0.408917021492344
green	zwfl_pct_6mo	18	-0.0721902237489664	-0.289264088259019	0.289516277111498	0.775904347682689
green	zwfl_pct_9mo	14	-0.0935352621112574	-0.324965564876785	0.325442402621778	0.750450657091363
green	zwfl_pct_12mo	20	-0.0401807935640429	-0.170564501079714	0.170610450208908	0.866433180450994
green	zbmi_24mo_pct	20	-0.0548784068172828	-0.233063517572588	0.233180754563614	0.818252160481109
green	wzd_0to6mo	19	0.0514590230453215	0.212358563976801	0.212452464231581	0.834280614444151
green	wzd_6to12mo	18	0.137258121185425	0.552519877405316	0.554278557274293	0.5870526827376
green	wflzd_0to6mo	18	-0.028139560101307	-0.112587963706936	0.112602830656355	0.911746101970192
green	wflzd_6to12mo	17	-0.0507695363366085	-0.196798771053903	0.196883470526027	0.846561575746436
green	rwg_wei_0to6mo	19	-0.0587808555531632	-0.242639389143323	0.242779463598365	0.811081247232034
green	rwg_wei_6to12mo	18	0.103208013157289	0.414307307141506	0.415048497057534	0.683618566738682
green	rwg_wfl_0to6mo	18	-0.0315349905247734	-0.126181800597567	0.126202729214883	0.901143733756208
green	rwg_wfl_6to12mo	17	-0.0243332539174933	-0.0942608943060965	0.0942702003483609	0.92614226208658
green	EH_90Days_base	20	0.290741244260157	1.2701437835161	1.28920194041048	0.213649533795612
green	EH_90Days_wk26	19	0.209793921123097	0.878039133672861	0.884690734198658	0.388665199721447
green	EH_90Days_wk36	17	0.203339190842224	0.798660728320634	0.804333141126302	0.433768114407654
turquoise	SequencingNumber	25	-0.24135212072165	-1.1807786624921	1.19274448713768	0.245129499239816
turquoise	Percent_CpG_Methylated	14	0.594848351963115	2.37338158491597	2.56347085310276	0.0248423384721379
turquoise	Percent_Duplicated_Reads	14	-0.156647125606587	-0.54714658102218	0.549424405647477	0.59279194150556
turquoise	Percent_Deduplicated_reads	14	0.156647125606588	0.547146581022181	0.549424405647479	0.592791941505559
turquoise	Percent_Duplicate_Reads	14	-0.156647125606587	-0.54714658102218	0.549424405647477	0.59279194150556
turquoise	Aligned_Uniquely	25	-0.18122501722692	-0.878831401199635	0.883758222015547	0.385971669503537
turquoise	Aligned_Ambiguously	25	-0.214919475370959	-1.047042211617	1.05537995379009	0.302212138380434
turquoise	Aligned_Reads_Total	25	-0.184165338638253	-0.893419617886152	0.898596174048182	0.378179187175963
turquoise	Mapping_Efficiency	25	-0.0830882026073265	-0.3993978203084	0.399859657164437	0.692949207953266
turquoise	Percent_Aligned_Total	25	-0.0869485375117078	-0.418046152409038	0.418575765364876	0.679409031237848
turquoise	Total_Reads	25	-0.262469657512423	-1.28892263854804	1.3044955501314	0.204967903848331
turquoise	bgw_id	25	-0.226695452924663	-1.10641333759646	1.11625410100699	0.275839962469536
turquoise	mom_gw_age	24	-0.0280956244517062	-0.131814850318267	0.131832201786964	0.896315262541821
turquoise	age_c_months	25	0.00348551635291577	0.0167160168938713	0.0167160507408251	0.986807304776474
turquoise	gestage	25	0.35542366091078	1.78231344418776	1.82362502307835	0.081231557993636
turquoise	bmi_mom	24	-0.140152710447334	-0.661730154055378	0.663927513187479	0.513635217363174
turquoise	hei_base_mom	22	-0.0308283443115227	-0.137912248100803	0.137934107988085	0.891671769181972
turquoise	brf_nb	23	-0.211121923624986	-0.982253651489227	0.989792378473801	0.333543890125994
turquoise	ex_brf_mth3	22	0.158113448062126	0.713087340724991	0.716112853610112	0.482200177528048
turquoise	ex_brf_mth6	21	0.0298437699333473	0.130124618269964	0.130143946536497	0.897820531132192
turquoise	gwg	21	-0.189037619727312	-0.834027081183198	0.839125441915471	0.41183273506926
turquoise	ppwr	21	0.0275329909697756	0.120043865092965	0.120059040191806	0.905696834375932
turquoise	soc_env_tot	25	-0.121055898115868	-0.583424854888595	0.584864969483747	0.564332630190623
turquoise	airpollut	25	-0.114242242814751	-0.550288932240201	0.551497244381514	0.586611512731442
turquoise	toxic	25	-0.031868695913614	-0.152888669107654	0.152914567266051	0.879799264748207
turquoise	emissions	25	-0.0144305519269118	-0.0692113003028771	0.0692137027645165	0.945417760190372
turquoise	spl_ebm	25	-0.193848905499506	-0.941581319007991	0.947642139311355	0.353162776644296
turquoise	env_tot	25	-0.176794884066207	-0.856881823675191	0.861448254621845	0.397883544124397
turquoise	poverty	25	-0.029914597839974	-0.143508189235873	0.143529606816533	0.887122045920289
turquoise	soc_tot	25	0.00231534467403531	0.0111040228173272	0.0111040327384784	0.991236201690852
turquoise	wt_0wk	24	0.224268001569218	1.07009794514371	1.07940531237718	0.292099466206729
turquoise	wt_6mo	19	0.525032706855008	2.40485328831125	2.54354478034383	0.020986676419327
turquoise	wt_12mo	20	0.60701058180041	2.98755782478134	3.24065439973225	0.00453786663054544
turquoise	bmi_24mo	20	0.556387997057868	2.66262341702549	2.84088349943307	0.0108422670295123
turquoise	zwfl_pct_0wk	19	-0.215553713445579	-0.9029124725056	0.910146465359753	0.375469727964658
turquoise	zwfl_pct_6mo	18	0.373955929947513	1.57205725985371	1.6128410225753	0.126326055124863
turquoise	zwfl_pct_9mo	14	0.674757256585004	2.83857442079925	3.16707570589766	0.00811355417683214
turquoise	zwfl_pct_12mo	20	0.697242255712227	3.6567893865702	4.12667629741499	0.000633491958531127
turquoise	zbmi_24mo_pct	20	0.446298399013586	2.03675778555764	2.11589805388558	0.0485522330945619
turquoise	wzd_0to6mo	19	0.356497770505396	1.53737414195056	1.57324626274161	0.134087233795379
turquoise	wzd_6to12mo	18	0.0534751836957172	0.2141049751677	0.214207227037442	0.833091537667579
turquoise	wflzd_0to6mo	18	0.533329792058679	2.37914833785465	2.52192989797207	0.0226513229683937
turquoise	wflzd_6to12mo	17	0.279733096624783	1.11306631686386	1.12845189963358	0.276854931646367
turquoise	rwg_wei_0to6mo	19	0.272187382529132	1.15127298266932	1.16629151969889	0.259598371530263
turquoise	rwg_wei_6to12mo	18	0.0523805128992613	0.20971399082319	0.209810079158548	0.836464205639461
turquoise	rwg_wfl_0to6mo	18	0.644802210254092	3.06540126101274	3.37438429418814	0.00386341356152894
turquoise	rwg_wfl_6to12mo	17	0.107292706293087	0.417148507923972	0.417955522688056	0.681901381608507
turquoise	EH_90Days_base	20	-0.156815038913269	-0.670845305276913	0.673644198246643	0.50909602396694
turquoise	EH_90Days_wk26	19	-0.453749989975813	-2.01789929217641	2.09942564442554	0.0510165296481879
turquoise	EH_90Days_wk36	17	-0.0467552992740861	-0.181214621059276	0.181280748959865	0.858574033033018
